   2.5062657e-04   2.9792659e+00   1.6417259e-05
   2.5062657e-04   2.8767941e+00   1.7607659e-05
   2.5062657e-04   3.7268007e+00   1.0491723e-05
   2.5062657e-04   3.2763365e+00   1.3575073e-05
   3.7593985e-04   3.1289030e+00   1.4884524e-05
   3.7593985e-04   3.0032354e+00   1.6156244e-05
   3.7593985e-04   3.6746121e+00   1.0791856e-05
   3.7593985e-04   3.3236442e+00   1.3191377e-05
   5.0125313e-04   3.2128666e+00   1.4116719e-05
   5.0125313e-04   3.1997698e+00   1.4232517e-05
   5.0125313e-04   3.6179838e+00   1.1132326e-05
   5.0125313e-04   3.4107488e+00   1.2526210e-05
   6.2656642e-04   3.2979360e+00   1.3397838e-05
   6.2656642e-04   3.3989045e+00   1.2613664e-05
   6.2656642e-04   3.5632067e+00   1.1477231e-05
   6.2656642e-04   3.4980740e+00   1.1908613e-05
   7.5187970e-04   3.2519598e+00   1.3779353e-05
   7.5187970e-04   3.5948674e+00   1.1275957e-05
   7.5187970e-04   3.4127660e+00   1.2511406e-05
   7.5187970e-04   3.4246476e+00   1.2424742e-05
   8.7719298e-04   3.2061642e+00   1.4175802e-05
   8.7719298e-04   3.7914630e+00   1.0136908e-05
   8.7719298e-04   3.2627725e+00   1.3688176e-05
   8.7719298e-04   3.3604631e+00   1.2903897e-05
   1.0025063e-03   3.2479601e+00   1.3813311e-05
   1.0025063e-03   3.9189437e+00   9.4881407e-06
   1.0025063e-03   3.1828274e+00   1.4384441e-05
   1.0025063e-03   3.2911637e+00   1.3453032e-05
   1.1278195e-03   3.2911037e+00   1.3453523e-05
   1.1278195e-03             NaN             NaN
   1.1278195e-03   3.1068458e+00   1.5096622e-05
   1.1278195e-03             NaN             NaN
   1.2531328e-03   3.5521552e+00   1.1548758e-05
   1.2531328e-03             NaN             NaN
   1.2531328e-03   3.1360166e+00   1.4817074e-05
   1.2531328e-03             NaN             NaN
   1.3784461e-03   3.8157084e+00   1.0008496e-05
   1.3784461e-03             NaN             NaN
   1.3784461e-03   3.1655439e+00   1.4541944e-05
   1.3784461e-03             NaN             NaN
   1.5037594e-03   4.0820109e+00   8.7452223e-06
   1.5037594e-03             NaN             NaN
   1.5037594e-03             NaN             NaN
   1.5037594e-03             NaN             NaN
   2.5062657e-04   5.8464750e+00   4.2631535e-06
   2.5062657e-04   8.2259534e+00   2.1535089e-06
   2.5062657e-04   9.0244275e+00   1.7892863e-06
   2.5062657e-04   5.0047429e+00   5.8177576e-06
   3.7593985e-04   6.3515812e+00   3.6120641e-06
   3.7593985e-04   8.3802154e+00   2.0749556e-06
   3.7593985e-04   9.4785082e+00   1.6219564e-06
   3.7593985e-04   5.4751099e+00   4.8610880e-06
   5.0125313e-04   6.8670749e+00   3.0901218e-06
   5.0125313e-04   8.5547716e+00   1.9911424e-06
   5.0125313e-04   9.9571539e+00   1.4697678e-06
   5.0125313e-04   5.9937682e+00   4.0561992e-06
   6.2656642e-04   7.1417702e+00   2.8569814e-06
   6.2656642e-04   8.7296273e+00   1.9121755e-06
   6.2656642e-04             NaN             NaN
   6.2656642e-04             NaN             NaN
   7.5187970e-04   7.4520496e+00   2.6240233e-06
   7.5187970e-04             NaN             NaN
   7.5187970e-04             NaN             NaN
   7.5187970e-04             NaN             NaN
   1.2531328e-04             NaN             NaN
   1.2531328e-04             NaN             NaN
   1.2531328e-04             NaN             NaN
   2.5062657e-04   1.7087311e+01   4.9908178e-07
   2.5062657e-04   1.0509306e+01   1.3193836e-06
   2.5062657e-04   1.2627576e+01   9.1385899e-07
   3.7593985e-04   1.6302324e+01   5.4830234e-07
   3.7593985e-04   1.0618249e+01   1.2924487e-06
   3.7593985e-04   1.3278059e+01   8.2651356e-07
   5.0125313e-04   1.5514467e+01   6.0540424e-07
   5.0125313e-04   1.0712108e+01   1.2698992e-06
   5.0125313e-04   1.3915581e+01   7.5251730e-07
   6.2656642e-04             NaN             NaN
   6.2656642e-04   1.0806058e+01   1.2479138e-06
   6.2656642e-04             NaN             NaN
   7.5187970e-04             NaN             NaN
   7.5187970e-04   1.0154262e+01   1.4132613e-06
   7.5187970e-04             NaN             NaN
   8.7719298e-04             NaN             NaN
   8.7719298e-04   9.5310288e+00   1.6041301e-06
   8.7719298e-04             NaN             NaN
   1.0025063e-03             NaN             NaN
   1.0025063e-03   8.9692317e+00   1.8113763e-06
   1.0025063e-03             NaN             NaN
   2.5062657e-04   3.6617127e+00   1.0868025e-05
   2.5062657e-04   7.6509816e+00   2.4893436e-06
   2.5062657e-04   3.9507149e+00   9.3361490e-06
   2.5062657e-04   4.4332851e+00   7.4142604e-06
   3.7593985e-04   3.9427817e+00   9.3737570e-06
   3.7593985e-04   7.6755669e+00   2.4734221e-06
   3.7593985e-04   4.0739650e+00   8.7797991e-06
   3.7593985e-04   4.9500713e+00   5.9469768e-06
   5.0125313e-04   4.1997691e+00   8.2616792e-06
   5.0125313e-04   7.7414557e+00   2.4314979e-06
   5.0125313e-04   4.2020115e+00   8.2528639e-06
   5.0125313e-04   5.4845491e+00   4.8443700e-06
   6.2656642e-04   4.4599117e+00   7.3259954e-06
   6.2656642e-04   7.8075787e+00   2.3904872e-06
   6.2656642e-04   4.3367554e+00   7.7479944e-06
   6.2656642e-04   6.0212597e+00   4.0192447e-06
   7.5187970e-04   4.5264892e+00   7.1120727e-06
   7.5187970e-04   8.0124837e+00   2.2697856e-06
   7.5187970e-04   4.5052444e+00   7.1793058e-06
   7.5187970e-04   6.1604263e+00   3.8397030e-06
   8.7719298e-04   4.5934040e+00   6.9063705e-06
   8.7719298e-04   8.2181895e+00   2.1575798e-06
   8.7719298e-04   4.6786821e+00   6.6569008e-06
   8.7719298e-04   6.3032466e+00   3.6676726e-06
   1.0025063e-03   4.7319237e+00   6.5079424e-06
   1.0025063e-03   8.3342972e+00   2.0978827e-06
   1.0025063e-03   4.9063324e+00   6.0534816e-06
   1.0025063e-03   6.4573176e+00   3.4947400e-06
   1.1278195e-03   4.8705017e+00   6.1428761e-06
   1.1278195e-03   5.9226419e+00   4.1542078e-06
   1.1278195e-03             NaN             NaN
   1.1278195e-03             NaN             NaN
   1.2531328e-03             NaN             NaN
   1.2531328e-03   3.6928736e+00   1.0685388e-05
   1.2531328e-03             NaN             NaN
   1.2531328e-03             NaN             NaN
   1.3784461e-03             NaN             NaN
   1.3784461e-03   2.1366856e+00   3.1918165e-05
   1.3784461e-03             NaN             NaN
   1.3784461e-03             NaN             NaN
   1.5037594e-03             NaN             NaN
   1.5037594e-03   2.7911007e+00   1.8705449e-05
   1.5037594e-03             NaN             NaN
   1.5037594e-03             NaN             NaN
   1.6290727e-03             NaN             NaN
   1.6290727e-03   4.7847209e+00   6.3651105e-06
   1.6290727e-03             NaN             NaN
   1.6290727e-03             NaN             NaN
   2.5062657e-04             NaN             NaN
   2.5062657e-04             NaN             NaN
   2.5062657e-04             NaN             NaN
   2.5062657e-04             NaN             NaN
   3.7593985e-04             NaN             NaN
   3.7593985e-04             NaN             NaN
   3.7593985e-04             NaN             NaN
   3.7593985e-04             NaN             NaN
   5.0125313e-04             NaN             NaN
   5.0125313e-04             NaN             NaN
   5.0125313e-04             NaN             NaN
   5.0125313e-04             NaN             NaN
   6.2656642e-04             NaN             NaN
   6.2656642e-04             NaN             NaN
   6.2656642e-04             NaN             NaN
   6.2656642e-04             NaN             NaN
   7.5187970e-04             NaN             NaN
   7.5187970e-04             NaN             NaN
   7.5187970e-04             NaN             NaN
   7.5187970e-04             NaN             NaN
   8.7719298e-04             NaN             NaN
   8.7719298e-04             NaN             NaN
   8.7719298e-04             NaN             NaN
   8.7719298e-04             NaN             NaN
   1.0025063e-03   7.6297336e+00   2.5032280e-06
   1.0025063e-03   9.0416320e+00   1.7824835e-06
   1.0025063e-03   6.2841083e+00   3.6900465e-06
   1.0025063e-03   8.7364076e+00   1.9092086e-06
   1.1278195e-03   7.4026271e+00   2.6591780e-06
   1.1278195e-03   8.8339902e+00   1.8672623e-06
   1.1278195e-03             NaN             NaN
   1.1278195e-03             NaN             NaN
   1.2531328e-03   7.1755852e+00   2.8301178e-06
   1.2531328e-03             NaN             NaN
   1.2531328e-03             NaN             NaN
   1.2531328e-03             NaN             NaN
